3 1 4
4 1 4
5 1 4
6 1 4
7 1 4
8 1 4
11 1 4
12 1 4
3 2 2
4 2 2
5 2 2
6 2 2
7 2 2
8 2 2
11 2 2
12 2 2
3 3 4
4 3 4
3 4 2
4 4 2
3 5 2
4 5 2
3 6 2
4 6 2
11 6 2
12 6 2
3 7 4
4 7 4
5 7 4
6 7 4
7 7 4
8 7 4
11 7 4
12 7 4
3 8 4
4 8 4
5 8 4
6 8 4
7 8 4
8 8 4
11 8 4
12 8 4
3 9 4
4 9 4
3 10 4
4 10 4
3 11 2
4 11 2
3 12 2
4 12 2
7 12 2
8 12 2
3 13 8
4 13 8
5 13 8
6 13 8
7 13 8
8 13 8
11 13 8
12 13 8
3 14 8
4 14 8
5 14 8
6 14 8
7 14 8
8 14 8
11 14 8
12 14 8
7 15 4
8 15 4
11 15 4
12 15 4
7 16 2
8 16 2
11 16 4
12 16 4
7 17 2
8 17 2
11 17 2
12 17 2
5 18 4
6 18 4
7 18 2
8 18 2
11 18 2
12 18 2
3 19 4
4 19 4
5 19 4
6 19 4
7 19 4
8 19 4
11 19 4
12 19 4
1 20 4
2 20 4
3 20 8
4 20 8
5 20 8
6 20 8
7 20 8
8 20 8
9 20 4
10 20 4
11 20 8
12 20 8
13 20 4
14 20 4
15 20 4
16 20 4
17 20 4
18 20 4
19 20 4
20 20 4
21 20 4
22 20 4
3 21 4
4 21 4
5 21 4
6 21 4
7 21 4
8 21 4
11 21 4
12 21 4
3 22 2
4 22 2
5 22 2
6 22 2
7 22 2
8 22 2
11 22 2
12 22 2
3 23 2
4 23 2
11 23 2
12 23 2
3 24 2
4 24 2
5 24 2
6 24 2
7 24 2
8 24 2
11 24 2
12 24 2
3 25 4
4 25 4
5 25 4
6 25 4
7 25 4
8 25 4
11 25 4
12 25 4
3 26 4
4 26 4
5 26 4
6 26 4
7 26 4
8 26 4
11 26 4
12 26 4
5 27 2
6 27 2
7 27 2
8 27 2
3 28 2
4 28 2
5 28 2
6 28 2
7 28 2
8 28 2
11 28 2
12 28 2
3 29 4
4 29 4
5 29 4
6 29 4
7 29 4
8 29 4
9 29 4
10 29 4
11 29 4
12 29 4
13 29 4
14 29 4
19 29 4
20 29 4
21 29 4
22 29 4
3 30 4
4 30 4
5 30 4
6 30 4
7 30 4
8 30 4
11 30 4
12 30 4
3 31 2
4 31 2
5 31 2
6 31 2
7 31 2
8 31 2
11 31 2
12 31 2
3 32 4
4 32 4
5 32 4
6 32 4
7 32 4
8 32 4
11 32 4
12 32 4
3 33 2
4 33 2
7 33 2
8 33 2
3 34 4
4 34 4
5 34 4
6 34 4
7 34 4
8 34 4
11 34 4
12 34 4
5 35 2
6 35 2
11 35 2
12 35 2
3 36 2
4 36 2
5 36 2
6 36 2
7 36 2
8 36 2
11 36 2
12 36 2
1 37 4
2 37 4
3 37 12
4 37 12
5 37 12
6 37 12
7 37 12
8 37 12
9 37 28
10 37 28
11 37 12
12 37 12
13 37 36
14 37 36
15 37 4
16 37 4
17 37 8
18 37 8
19 37 20
20 37 20
21 37 16
22 37 16
1 38 8
2 38 8
9 38 16
10 38 16
13 38 32
14 38 32
21 38 8
22 38 8
1 39 4
2 39 4
9 39 8
10 39 8
13 39 16
14 39 16
21 39 4
22 39 4
1 40 4
2 40 4
9 40 36
10 40 36
13 40 28
14 40 28
21 40 4
22 40 4
1 41 2
2 41 2
9 41 2
10 41 2
13 41 6
14 41 6
21 41 2
22 41 2
1 42 5
2 42 5
9 42 25
10 42 25
13 42 27
14 42 27
21 42 5
22 42 5
1 43 16
2 43 16
3 43 8
4 43 8
5 43 8
6 43 8
7 43 8
8 43 8
9 43 36
10 43 36
11 43 8
12 43 8
13 43 20
14 43 20
15 43 8
16 43 8
17 43 24
18 43 24
19 43 8
20 43 8
1 44 1
2 44 1
9 44 2
10 44 2
13 44 4
14 44 4
21 44 1
22 44 1
1 45 13
2 45 13
3 45 4
4 45 4
5 45 4
6 45 4
7 45 4
8 45 4
9 45 38
10 45 38
11 45 4
12 45 4
13 45 28
14 45 28
15 45 4
16 45 4
17 45 12
18 45 12
19 45 4
20 45 4
21 45 5
22 45 5
3 46 4
4 46 4
5 46 4
6 46 4
7 46 4
8 46 4
11 46 4
12 46 4
3 47 2
4 47 2
5 47 2
6 47 2
7 47 2
8 47 2
11 47 2
12 47 2
3 48 6
4 48 6
5 48 4
6 48 4
7 48 6
8 48 6
11 48 4
12 48 4
3 49 4
4 49 4
5 49 4
6 49 4
7 49 4
8 49 4
11 49 4
12 49 4
5 50 2
6 50 2
11 50 2
12 50 2
3 51 2
4 51 2
5 51 2
6 51 2
7 51 2
8 51 2
11 51 2
12 51 2
1 52 2
2 52 2
3 52 2
4 52 2
5 52 2
6 52 2
7 52 2
8 52 2
9 52 6
10 52 6
11 52 2
12 52 2
13 52 2
14 52 2
15 52 2
16 52 2
17 52 4
18 52 4
19 52 2
20 52 2
1 53 10
2 53 10
3 53 9
4 53 9
5 53 9
6 53 9
7 53 9
8 53 9
9 53 33
10 53 33
11 53 9
12 53 9
13 53 31
14 53 31
15 53 5
16 53 5
17 53 14
18 53 14
19 53 13
20 53 13
21 53 9
22 53 9
3 54 4
4 54 4
5 54 4
6 54 4
7 54 4
8 54 4
11 54 4
12 54 4
3 55 2
4 55 2
5 55 2
6 55 2
7 55 2
8 55 2
11 55 2
12 55 2
3 56 4
4 56 4
11 56 4
12 56 4
3 57 3
4 57 3
5 57 2
6 57 2
7 57 2
8 57 2
11 57 3
12 57 3
3 58 6
4 58 6
5 58 4
6 58 4
7 58 4
8 58 4
11 58 6
12 58 6
3 59 6
4 59 6
5 59 4
6 59 4
7 59 4
8 59 4
11 59 6
12 59 6
5 60 2
6 60 2
7 60 2
8 60 2
3 61 3
4 61 3
5 61 2
6 61 2
7 61 2
8 61 2
11 61 3
12 61 3
3 62 3
4 62 3
5 62 2
6 62 2
7 62 2
8 62 2
9 62 4
10 62 4
11 62 3
12 62 3
13 62 2
14 62 2
15 62 1
16 62 1
17 62 1
18 62 1
19 62 3
20 62 3
21 62 2
22 62 2
1 63 9
2 63 9
3 63 10
4 63 10
5 63 10
6 63 10
7 63 10
8 63 10
9 63 18
10 63 18
11 63 10
12 63 10
13 63 18
14 63 18
15 63 5
16 63 5
17 63 8
18 63 8
19 63 10
20 63 10
21 63 9
22 63 9
7 64 4
8 64 4
11 64 4
12 64 4
7 65 2
8 65 2
11 65 4
12 65 4
7 66 2
8 66 2
11 66 2
12 66 2
5 67 4
6 67 4
7 67 2
8 67 2
11 67 2
12 67 2
3 68 4
4 68 4
3 69 4
4 69 4
3 70 2
4 70 2
3 71 12
4 71 12
5 71 8
6 71 8
7 71 12
8 71 12
11 71 8
12 71 8
3 72 4
4 72 4
3 73 2
4 73 2
3 74 2
4 74 2
3 75 6
4 75 6
5 75 4
6 75 4
7 75 4
8 75 4
11 75 6
12 75 6
3 76 6
4 76 6
5 76 4
6 76 4
7 76 6
8 76 6
11 76 4
12 76 4
3 77 3
4 77 3
5 77 2
6 77 2
7 77 3
8 77 3
11 77 2
12 77 2
3 78 5
4 78 5
5 78 4
6 78 4
7 78 5
8 78 5
11 78 4
12 78 4
3 79 10
4 79 10
5 79 8
6 79 8
7 79 10
8 79 10
11 79 8
12 79 8
3 80 5
4 80 5
5 80 4
6 80 4
7 80 5
8 80 5
11 80 4
12 80 4
1 81 2
2 81 2
3 81 5
4 81 5
5 81 4
6 81 4
7 81 5
8 81 5
9 81 2
10 81 2
11 81 4
12 81 4
13 81 2
14 81 2
15 81 2
16 81 2
17 81 2
18 81 2
19 81 2
20 81 2
21 81 2
22 81 2
1 82 8
2 82 8
3 82 12
4 82 12
5 82 12
6 82 12
7 82 12
8 82 12
9 82 11
10 82 11
11 82 12
12 82 12
13 82 12
14 82 12
15 82 6
16 82 6
17 82 8
18 82 8
19 82 8
20 82 8
21 82 10
22 82 10
5 83 2
6 83 2
11 83 2
12 83 2
5 84 1
6 84 1
11 84 1
12 84 1
5 85 2
6 85 2
7 85 2
8 85 2
5 86 2
6 86 2
7 86 1
8 86 1
11 86 1
12 86 1
5 87 4
6 87 4
7 87 2
8 87 2
11 87 2
12 87 2
5 88 4
6 88 4
7 88 2
8 88 2
11 88 2
12 88 2
5 89 2
6 89 2
7 89 1
8 89 1
11 89 1
12 89 1
5 90 2
6 90 2
7 90 1
8 90 1
11 90 1
12 90 1
1 91 6
2 91 6
3 91 8
4 91 8
5 91 8
6 91 8
7 91 8
8 91 8
9 91 8
10 91 8
11 91 8
12 91 8
13 91 8
14 91 8
15 91 4
16 91 4
17 91 6
18 91 6
19 91 6
20 91 6
21 91 6
22 91 6
1 92 7
2 92 7
3 92 10
4 92 10
5 92 10
6 92 10
7 92 10
8 92 10
9 92 9
10 92 9
11 92 10
12 92 10
13 92 9
14 92 9
15 92 5
16 92 5
17 92 7
18 92 7
19 92 7
20 92 7
21 92 7
22 92 7
1 93 7
2 93 7
3 93 9
4 93 9
5 93 9
6 93 9
7 93 9
8 93 9
9 93 9
10 93 9
11 93 9
12 93 9
13 93 9
14 93 9
15 93 5
16 93 5
17 93 7
18 93 7
19 93 7
20 93 7
21 93 7
22 93 7
3 94 2
4 94 2
5 94 2
6 94 2
7 94 2
8 94 2
11 94 2
12 94 2
3 95 1
4 95 1
5 95 1
6 95 1
7 95 1
8 95 1
11 95 1
12 95 1
3 96 2
4 96 2
3 97 1
4 97 1
3 98 1
4 98 1
3 99 1
4 99 1
11 99 1
12 99 1
3 100 2
4 100 2
5 100 2
6 100 2
7 100 2
8 100 2
11 100 2
12 100 2
3 101 2
4 101 2
5 101 2
6 101 2
7 101 2
8 101 2
11 101 2
12 101 2
3 102 2
4 102 2
3 103 2
4 103 2
3 104 1
4 104 1
3 105 1
4 105 1
7 105 1
8 105 1
3 106 4
4 106 4
5 106 4
6 106 4
7 106 4
8 106 4
11 106 4
12 106 4
3 107 4
4 107 4
5 107 4
6 107 4
7 107 4
8 107 4
11 107 4
12 107 4
7 108 2
8 108 2
11 108 2
12 108 2
7 109 1
8 109 1
11 109 2
12 109 2
7 110 1
8 110 1
11 110 1
12 110 1
5 111 2
6 111 2
7 111 1
8 111 1
11 111 1
12 111 1
3 112 2
4 112 2
5 112 2
6 112 2
7 112 2
8 112 2
11 112 2
12 112 2
1 113 7
2 113 7
3 113 10
4 113 10
5 113 10
6 113 10
7 113 10
8 113 10
9 113 9
10 113 9
11 113 10
12 113 10
13 113 9
14 113 9
15 113 5
16 113 5
17 113 7
18 113 7
19 113 7
20 113 7
21 113 7
22 113 7
3 114 4
4 114 4
5 114 4
6 114 4
7 114 4
8 114 4
11 114 4
12 114 4
3 115 2
4 115 2
5 115 2
6 115 2
7 115 2
8 115 2
11 115 2
12 115 2
3 116 2
4 116 2
3 117 1
4 117 1
3 118 1
4 118 1
3 119 2
4 119 2
11 119 2
12 119 2
3 120 4
4 120 4
5 120 4
6 120 4
7 120 4
8 120 4
11 120 4
12 120 4
3 121 4
4 121 4
5 121 4
6 121 4
7 121 4
8 121 4
11 121 4
12 121 4
3 122 4
4 122 4
3 123 3
4 123 3
3 124 2
4 124 2
3 125 2
4 125 2
7 125 2
8 125 2
3 126 8
4 126 8
5 126 8
6 126 8
7 126 8
8 126 8
11 126 8
12 126 8
3 127 8
4 127 8
5 127 8
6 127 8
7 127 8
8 127 8
11 127 8
12 127 8
7 128 2
8 128 2
11 128 4
12 128 4
7 129 1
8 129 1
11 129 3
12 129 3
7 130 1
8 130 1
11 130 2
12 130 2
5 131 4
6 131 4
7 131 2
8 131 2
11 131 2
12 131 2
3 132 4
4 132 4
5 132 4
6 132 4
7 132 4
8 132 4
11 132 4
12 132 4
1 133 8
2 133 8
3 133 12
4 133 12
5 133 12
6 133 12
7 133 12
8 133 12
9 133 11
10 133 11
11 133 12
12 133 12
13 133 12
14 133 12
15 133 6
16 133 6
17 133 8
18 133 8
19 133 8
20 133 8
21 133 10
22 133 10
3 134 2
4 134 2
5 134 2
6 134 2
7 134 2
8 134 2
11 134 2
12 134 2
3 135 1
4 135 1
5 135 1
6 135 1
7 135 1
8 135 1
11 135 1
12 135 1
3 136 2
4 136 2
5 136 2
6 136 2
7 136 2
8 136 2
11 136 2
12 136 2
3 137 1
4 137 1
11 137 1
12 137 1
3 138 2
4 138 2
5 138 2
6 138 2
7 138 2
8 138 2
11 138 2
12 138 2
3 139 4
4 139 4
5 139 4
6 139 4
7 139 4
8 139 4
11 139 4
12 139 4
3 140 1
4 140 1
7 140 1
8 140 1
3 141 4
4 141 4
5 141 4
6 141 4
7 141 4
8 141 4
11 141 4
12 141 4
5 142 2
6 142 2
7 142 1
8 142 1
11 142 1
12 142 1
3 143 2
4 143 2
5 143 2
6 143 2
7 143 2
8 143 2
11 143 2
12 143 2
1 144 9
2 144 9
3 144 10
4 144 10
5 144 10
6 144 10
7 144 10
8 144 10
9 144 18
10 144 18
11 144 10
12 144 10
13 144 18
14 144 18
15 144 5
16 144 5
17 144 8
18 144 8
19 144 10
20 144 10
21 144 9
22 144 9
3 145 2
4 145 2
5 145 2
6 145 2
7 145 2
8 145 2
11 145 2
12 145 2
3 146 1
4 146 1
5 146 1
6 146 1
7 146 1
8 146 1
11 146 1
12 146 1
3 147 2
4 147 2
5 147 2
6 147 2
7 147 2
8 147 2
11 147 2
12 147 2
3 148 1
4 148 1
7 148 1
8 148 1
3 149 2
4 149 2
5 149 2
6 149 2
7 149 2
8 149 2
11 149 2
12 149 2
5 150 1
6 150 1
11 150 1
12 150 1
3 151 1
4 151 1
5 151 1
6 151 1
7 151 1
8 151 1
11 151 1
12 151 1
1 152 10
2 152 10
3 152 9
4 152 9
5 152 9
6 152 9
7 152 9
8 152 9
9 152 33
10 152 33
11 152 9
12 152 9
13 152 31
14 152 31
15 152 5
16 152 5
17 152 14
18 152 14
19 152 13
20 152 13
21 152 9
22 152 9
1 153 4
2 153 4
9 153 8
10 153 8
13 153 16
14 153 16
21 153 4
22 153 4
1 154 2
2 154 2
9 154 4
10 154 4
13 154 8
14 154 8
21 154 2
22 154 2
1 155 5
2 155 5
9 155 25
10 155 25
13 155 27
14 155 27
21 155 5
22 155 5
1 156 1
2 156 1
9 156 1
10 156 1
13 156 3
14 156 3
21 156 1
22 156 1
1 157 4
2 157 4
9 157 16
10 157 16
13 157 20
14 157 20
21 157 4
22 157 4
1 158 13
2 158 13
3 158 4
4 158 4
5 158 4
6 158 4
7 158 4
8 158 4
9 158 38
10 158 38
11 158 4
12 158 4
13 158 28
14 158 28
15 158 4
16 158 4
17 158 12
18 158 12
19 158 4
20 158 4
21 158 5
22 158 5
1 159 1
2 159 1
9 159 2
10 159 2
13 159 4
14 159 4
21 159 1
22 159 1
1 160 10
2 160 10
3 160 2
4 160 2
5 160 2
6 160 2
7 160 2
8 160 2
9 160 32
10 160 32
11 160 2
12 160 2
13 160 28
14 160 28
15 160 2
16 160 2
17 160 6
18 160 6
19 160 2
20 160 2
21 160 6
22 160 6
3 161 2
4 161 2
5 161 2
6 161 2
7 161 2
8 161 2
11 161 2
12 161 2
3 162 1
4 162 1
5 162 1
6 162 1
7 162 1
8 162 1
11 162 1
12 162 1
3 163 3
4 163 3
5 163 2
6 163 2
7 163 3
8 163 3
11 163 2
12 163 2
3 164 2
4 164 2
5 164 2
6 164 2
7 164 2
8 164 2
11 164 2
12 164 2
5 165 1
6 165 1
11 165 1
12 165 1
3 166 1
4 166 1
5 166 1
6 166 1
7 166 1
8 166 1
11 166 1
12 166 1
1 167 2
2 167 2
3 167 1
4 167 1
5 167 1
6 167 1
7 167 1
8 167 1
9 167 5
10 167 5
11 167 1
12 167 1
13 167 3
14 167 3
15 167 1
16 167 1
17 167 2
18 167 2
19 167 1
20 167 1
21 167 1
22 167 1
1 168 12
2 168 12
3 168 6
4 168 6
5 168 6
6 168 6
7 168 6
8 168 6
9 168 36
10 168 36
11 168 6
12 168 6
13 168 32
14 168 32
15 168 4
16 168 4
17 168 12
18 168 12
19 168 8
20 168 8
21 168 8
22 168 8
3 169 2
4 169 2
5 169 2
6 169 2
7 169 2
8 169 2
11 169 2
12 169 2
3 170 1
4 170 1
5 170 1
6 170 1
7 170 1
8 170 1
11 170 1
12 170 1
3 171 3
4 171 3
5 171 2
6 171 2
7 171 2
8 171 2
11 171 3
12 171 3
3 172 2
4 172 2
5 172 2
6 172 2
7 172 2
8 172 2
11 172 2
12 172 2
3 173 5
4 173 5
5 173 4
6 173 4
7 173 5
8 173 5
11 173 4
12 173 4
3 174 4
4 174 4
5 174 4
6 174 4
7 174 4
8 174 4
11 174 4
12 174 4
5 175 2
6 175 2
7 175 1
8 175 1
11 175 1
12 175 1
3 176 2
4 176 2
5 176 2
6 176 2
7 176 2
8 176 2
11 176 2
12 176 2
1 177 1
2 177 1
3 177 2
4 177 2
5 177 2
6 177 2
7 177 2
8 177 2
9 177 4
10 177 4
11 177 2
12 177 2
13 177 2
14 177 2
15 177 1
16 177 1
17 177 2
18 177 2
19 177 2
20 177 2
21 177 1
22 177 1
1 178 14
2 178 14
3 178 10
4 178 10
5 178 10
6 178 10
7 178 10
8 178 10
9 178 26
10 178 26
11 178 10
12 178 10
13 178 24
14 178 24
15 178 6
16 178 6
17 178 12
18 178 12
19 178 10
20 178 10
21 178 10
22 178 10
7 179 2
8 179 2
11 179 4
12 179 4
7 180 1
8 180 1
11 180 3
12 180 3
7 181 1
8 181 1
11 181 2
12 181 2
5 182 4
6 182 4
7 182 2
8 182 2
11 182 2
12 182 2
3 183 4
4 183 4
3 184 3
4 184 3
3 185 2
4 185 2
3 186 10
4 186 10
5 186 8
6 186 8
7 186 10
8 186 10
11 186 8
12 186 8
3 187 2
4 187 2
3 188 1
4 188 1
3 189 1
4 189 1
3 190 6
4 190 6
5 190 4
6 190 4
7 190 4
8 190 4
11 190 6
12 190 6
3 191 4
4 191 4
5 191 4
6 191 4
7 191 4
8 191 4
11 191 4
12 191 4
3 192 2
4 192 2
5 192 2
6 192 2
7 192 2
8 192 2
11 192 2
12 192 2
3 193 4
4 193 4
5 193 4
6 193 4
7 193 4
8 193 4
11 193 4
12 193 4
3 194 8
4 194 8
5 194 8
6 194 8
7 194 8
8 194 8
11 194 8
12 194 8
3 195 4
4 195 4
5 195 4
6 195 4
7 195 4
8 195 4
11 195 4
12 195 4
1 196 2
2 196 2
3 196 4
4 196 4
5 196 4
6 196 4
7 196 4
8 196 4
9 196 3
10 196 3
11 196 4
12 196 4
13 196 2
14 196 2
15 196 2
16 196 2
17 196 2
18 196 2
19 196 2
20 196 2
21 196 2
22 196 2
1 197 14
2 197 14
3 197 14
4 197 14
5 197 14
6 197 14
7 197 14
8 197 14
9 197 18
10 197 18
11 197 14
12 197 14
13 197 18
14 197 18
15 197 8
16 197 8
17 197 12
18 197 12
19 197 10
20 197 10
21 197 12
22 197 12
7 198 2
8 198 2
11 198 2
12 198 2
7 199 1
8 199 1
11 199 2
12 199 2
7 200 1
8 200 1
11 200 1
12 200 1
5 201 2
6 201 2
7 201 1
8 201 1
11 201 1
12 201 1
3 202 2
4 202 2
3 203 2
4 203 2
3 204 1
4 204 1
3 205 5
4 205 5
5 205 4
6 205 4
7 205 5
8 205 5
11 205 4
12 205 4
3 206 2
4 206 2
3 207 1
4 207 1
3 208 1
4 208 1
3 209 3
4 209 3
5 209 2
6 209 2
7 209 2
8 209 2
11 209 3
12 209 3
3 210 2
4 210 2
5 210 2
6 210 2
7 210 2
8 210 2
11 210 2
12 210 2
3 211 1
4 211 1
5 211 1
6 211 1
7 211 1
8 211 1
11 211 1
12 211 1
3 212 2
4 212 2
5 212 2
6 212 2
7 212 2
8 212 2
11 212 2
12 212 2
3 213 4
4 213 4
5 213 4
6 213 4
7 213 4
8 213 4
11 213 4
12 213 4
3 214 2
4 214 2
5 214 2
6 214 2
7 214 2
8 214 2
11 214 2
12 214 2
1 215 1
2 215 1
3 215 2
4 215 2
5 215 2
6 215 2
7 215 2
8 215 2
9 215 1
10 215 1
11 215 2
12 215 2
13 215 1
14 215 1
15 215 1
16 215 1
17 215 1
18 215 1
19 215 1
20 215 1
21 215 1
22 215 1
1 216 8
2 216 8
3 216 9
4 216 9
5 216 9
6 216 9
7 216 9
8 216 9
9 216 9
10 216 9
11 216 9
12 216 9
13 216 9
14 216 9
15 216 5
16 216 5
17 216 7
18 216 7
19 216 6
20 216 6
21 216 7
22 216 7
5 217 2
6 217 2
11 217 2
12 217 2
5 218 1
6 218 1
11 218 1
12 218 1
5 219 2
6 219 2
7 219 2
8 219 2
5 220 2
6 220 2
7 220 1
8 220 1
11 220 1
12 220 1
5 221 4
6 221 4
7 221 2
8 221 2
11 221 2
12 221 2
5 222 4
6 222 4
7 222 2
8 222 2
11 222 2
12 222 2
5 223 2
6 223 2
7 223 1
8 223 1
11 223 1
12 223 1
5 224 2
6 224 2
7 224 1
8 224 1
11 224 1
12 224 1
3 225 2
4 225 2
7 225 2
8 225 2
3 226 1
4 226 1
7 226 1
8 226 1
3 227 1
4 227 1
7 227 1
8 227 1
3 228 2
4 228 2
7 228 2
8 228 2
3 229 2
4 229 2
7 229 2
8 229 2
3 230 1
4 230 1
7 230 1
8 230 1
1 231 2
2 231 2
3 231 5
4 231 5
5 231 4
6 231 4
7 231 5
8 231 5
9 231 2
10 231 2
11 231 4
12 231 4
13 231 2
14 231 2
15 231 2
16 231 2
17 231 2
18 231 2
19 231 2
20 231 2
21 231 2
22 231 2
3 232 2
4 232 2
11 232 2
12 232 2
3 233 1
4 233 1
11 233 1
12 233 1
3 234 2
4 234 2
11 234 2
12 234 2
3 235 2
4 235 2
11 235 2
12 235 2
3 236 1
4 236 1
11 236 1
12 236 1
3 237 3
4 237 3
5 237 2
6 237 2
7 237 2
8 237 2
9 237 4
10 237 4
11 237 3
12 237 3
13 237 2
14 237 2
15 237 1
16 237 1
17 237 1
18 237 1
19 237 3
20 237 3
21 237 2
22 237 2
1 238 2
2 238 2
9 238 2
10 238 2
13 238 6
14 238 6
21 238 2
22 238 2
1 239 1
2 239 1
9 239 1
10 239 1
13 239 3
14 239 3
21 239 1
22 239 1
1 240 1
2 240 1
9 240 2
10 240 2
13 240 4
14 240 4
21 240 1
22 240 1
1 241 1
2 241 1
9 241 2
10 241 2
13 241 4
14 241 4
21 241 1
22 241 1
1 242 2
2 242 2
3 242 2
4 242 2
5 242 2
6 242 2
7 242 2
8 242 2
9 242 6
10 242 6
11 242 2
12 242 2
13 242 2
14 242 2
15 242 2
16 242 2
17 242 4
18 242 4
19 242 2
20 242 2
1 243 2
2 243 2
3 243 1
4 243 1
5 243 1
6 243 1
7 243 1
8 243 1
9 243 5
10 243 5
11 243 1
12 243 1
13 243 3
14 243 3
15 243 1
16 243 1
17 243 2
18 243 2
19 243 1
20 243 1
21 243 1
22 243 1
1 244 1
2 244 1
3 244 2
4 244 2
5 244 2
6 244 2
7 244 2
8 244 2
9 244 4
10 244 4
11 244 2
12 244 2
13 244 2
14 244 2
15 244 1
16 244 1
17 244 2
18 244 2
19 244 2
20 244 2
21 244 1
22 244 1
1 245 2
2 245 2
3 245 4
4 245 4
5 245 4
6 245 4
7 245 4
8 245 4
9 245 3
10 245 3
11 245 4
12 245 4
13 245 2
14 245 2
15 245 2
16 245 2
17 245 2
18 245 2
19 245 2
20 245 2
21 245 2
22 245 2
1 246 1
2 246 1
3 246 2
4 246 2
5 246 2
6 246 2
7 246 2
8 246 2
9 246 1
10 246 1
11 246 2
12 246 2
13 246 1
14 246 1
15 246 1
16 246 1
17 246 1
18 246 1
19 246 1
20 246 1
21 246 1
22 246 1
1 247 1
2 247 1
3 247 1
4 247 1
5 247 1
6 247 1
7 247 1
8 247 1
9 247 1
10 247 1
11 247 1
12 247 1
13 247 1
14 247 1
15 247 1
16 247 1
17 247 1
18 247 1
19 247 1
20 247 1
21 247 1
22 247 1
