1 0.68797 0.68797 0.8975 0.70206 1 0.79149 0.73112 0.86045 0.73185 0.66169 0.73112 0.86045 0.66169 0.68201 0.68201 0.73185 0.79149 0.70206 0.8975
0.68797 1 1 0.70742 0.95974 0.68797 0.6024 0.4856 0.62399 0.47903 0.93102 0.4856 0.62399 0.93102 0.97113 0.97113 0.47903 0.6024 0.95974 0.70742
0.68797 1 1 0.70742 0.95974 0.68797 0.6024 0.4856 0.62399 0.47903 0.93102 0.4856 0.62399 0.93102 0.97113 0.97113 0.47903 0.6024 0.95974 0.70742
0.8975 0.70742 0.70742 1 0.72303 0.8975 0.90155 0.73232 0.93956 0.68141 0.68152 0.73232 0.93956 0.68152 0.70354 0.70354 0.68141 0.90155 0.72303 1
0.70206 0.95974 0.95974 0.72303 1 0.70206 0.61694 0.49618 0.63833 0.49 0.92202 0.49618 0.63833 0.92202 0.97031 0.97031 0.49 0.61694 1 0.72303
1 0.68797 0.68797 0.8975 0.70206 1 0.79149 0.73112 0.86045 0.73185 0.66169 0.73112 0.86045 0.66169 0.68201 0.68201 0.73185 0.79149 0.70206 0.8975
0.79149 0.6024 0.6024 0.90155 0.61694 0.79149 1 0.90593 0.92438 0.87793 0.5794 0.90593 0.92438 0.5794 0.59933 0.59933 0.87793 1 0.61694 0.90155
0.73112 0.4856 0.4856 0.73232 0.49618 0.73112 0.90593 1 0.82928 0.96093 0.46647 1 0.82928 0.46647 0.48141 0.48141 0.96093 0.90593 0.49618 0.73232
0.86045 0.62399 0.62399 0.93956 0.63833 0.86045 0.92438 0.82928 1 0.74164 0.60007 0.82928 1 0.60007 0.62001 0.62001 0.74164 0.92438 0.63833 0.93956
0.73185 0.47903 0.47903 0.68141 0.49 0.73185 0.87793 0.96093 0.74164 1 0.4602 0.96093 0.74164 0.4602 0.47545 0.47545 1 0.87793 0.49 0.68141
0.66169 0.93102 0.93102 0.68152 0.92202 0.66169 0.5794 0.46647 0.60007 0.4602 1 0.46647 0.60007 1 0.94291 0.94291 0.4602 0.5794 0.92202 0.68152
0.73112 0.4856 0.4856 0.73232 0.49618 0.73112 0.90593 1 0.82928 0.96093 0.46647 1 0.82928 0.46647 0.48141 0.48141 0.96093 0.90593 0.49618 0.73232
0.86045 0.62399 0.62399 0.93956 0.63833 0.86045 0.92438 0.82928 1 0.74164 0.60007 0.82928 1 0.60007 0.62001 0.62001 0.74164 0.92438 0.63833 0.93956
0.66169 0.93102 0.93102 0.68152 0.92202 0.66169 0.5794 0.46647 0.60007 0.4602 1 0.46647 0.60007 1 0.94291 0.94291 0.4602 0.5794 0.92202 0.68152
0.68201 0.97113 0.97113 0.70354 0.97031 0.68201 0.59933 0.48141 0.62001 0.47545 0.94291 0.48141 0.62001 0.94291 1 1 0.47545 0.59933 0.97031 0.70354
0.68201 0.97113 0.97113 0.70354 0.97031 0.68201 0.59933 0.48141 0.62001 0.47545 0.94291 0.48141 0.62001 0.94291 1 1 0.47545 0.59933 0.97031 0.70354
0.73185 0.47903 0.47903 0.68141 0.49 0.73185 0.87793 0.96093 0.74164 1 0.4602 0.96093 0.74164 0.4602 0.47545 0.47545 1 0.87793 0.49 0.68141
0.79149 0.6024 0.6024 0.90155 0.61694 0.79149 1 0.90593 0.92438 0.87793 0.5794 0.90593 0.92438 0.5794 0.59933 0.59933 0.87793 1 0.61694 0.90155
0.70206 0.95974 0.95974 0.72303 1 0.70206 0.61694 0.49618 0.63833 0.49 0.92202 0.49618 0.63833 0.92202 0.97031 0.97031 0.49 0.61694 1 0.72303
0.8975 0.70742 0.70742 1 0.72303 0.8975 0.90155 0.73232 0.93956 0.68141 0.68152 0.73232 0.93956 0.68152 0.70354 0.70354 0.68141 0.90155 0.72303 1
