1 1 0.5794 0.5794 0.61694 0.61694 0.59933 0.59933 0.90593 0.90593 0.6024 0.6024 0.87793 0.87793 0.90155 0.90155 0.92438 0.92438 0.79149 0.79149 0.84865 0.84865
1 1 0.5794 0.5794 0.61694 0.61694 0.59933 0.59933 0.90593 0.90593 0.6024 0.6024 0.87793 0.87793 0.90155 0.90155 0.92438 0.92438 0.79149 0.79149 0.84865 0.84865
0.5794 0.5794 1 1 0.92202 0.92202 0.94291 0.94291 0.46647 0.46647 0.93102 0.93102 0.4602 0.4602 0.68152 0.68152 0.60007 0.60007 0.66169 0.66169 0.6271 0.6271
0.5794 0.5794 1 1 0.92202 0.92202 0.94291 0.94291 0.46647 0.46647 0.93102 0.93102 0.4602 0.4602 0.68152 0.68152 0.60007 0.60007 0.66169 0.66169 0.6271 0.6271
0.61694 0.61694 0.92202 0.92202 1 1 0.97031 0.97031 0.49618 0.49618 0.95974 0.95974 0.49 0.49 0.72303 0.72303 0.63833 0.63833 0.70206 0.70206 0.66591 0.66591
0.61694 0.61694 0.92202 0.92202 1 1 0.97031 0.97031 0.49618 0.49618 0.95974 0.95974 0.49 0.49 0.72303 0.72303 0.63833 0.63833 0.70206 0.70206 0.66591 0.66591
0.59933 0.59933 0.94291 0.94291 0.97031 0.97031 1 1 0.48141 0.48141 0.97113 0.97113 0.47545 0.47545 0.70354 0.70354 0.62001 0.62001 0.68201 0.68201 0.64701 0.64701
0.59933 0.59933 0.94291 0.94291 0.97031 0.97031 1 1 0.48141 0.48141 0.97113 0.97113 0.47545 0.47545 0.70354 0.70354 0.62001 0.62001 0.68201 0.68201 0.64701 0.64701
0.90593 0.90593 0.46647 0.46647 0.49618 0.49618 0.48141 0.48141 1 1 0.4856 0.4856 0.96093 0.96093 0.73232 0.73232 0.82928 0.82928 0.73112 0.73112 0.79204 0.79204
0.90593 0.90593 0.46647 0.46647 0.49618 0.49618 0.48141 0.48141 1 1 0.4856 0.4856 0.96093 0.96093 0.73232 0.73232 0.82928 0.82928 0.73112 0.73112 0.79204 0.79204
0.6024 0.6024 0.93102 0.93102 0.95974 0.95974 0.97113 0.97113 0.4856 0.4856 1 1 0.47903 0.47903 0.70742 0.70742 0.62399 0.62399 0.68797 0.68797 0.65189 0.65189
0.6024 0.6024 0.93102 0.93102 0.95974 0.95974 0.97113 0.97113 0.4856 0.4856 1 1 0.47903 0.47903 0.70742 0.70742 0.62399 0.62399 0.68797 0.68797 0.65189 0.65189
0.87793 0.87793 0.4602 0.4602 0.49 0.49 0.47545 0.47545 0.96093 0.96093 0.47903 0.47903 1 1 0.68141 0.68141 0.74164 0.74164 0.73185 0.73185 0.86556 0.86556
0.87793 0.87793 0.4602 0.4602 0.49 0.49 0.47545 0.47545 0.96093 0.96093 0.47903 0.47903 1 1 0.68141 0.68141 0.74164 0.74164 0.73185 0.73185 0.86556 0.86556
0.90155 0.90155 0.68152 0.68152 0.72303 0.72303 0.70354 0.70354 0.73232 0.73232 0.70742 0.70742 0.68141 0.68141 1 1 0.93956 0.93956 0.8975 0.8975 0.83322 0.83322
0.90155 0.90155 0.68152 0.68152 0.72303 0.72303 0.70354 0.70354 0.73232 0.73232 0.70742 0.70742 0.68141 0.68141 1 1 0.93956 0.93956 0.8975 0.8975 0.83322 0.83322
0.92438 0.92438 0.60007 0.60007 0.63833 0.63833 0.62001 0.62001 0.82928 0.82928 0.62399 0.62399 0.74164 0.74164 0.93956 0.93956 1 1 0.86045 0.86045 0.74596 0.74596
0.92438 0.92438 0.60007 0.60007 0.63833 0.63833 0.62001 0.62001 0.82928 0.82928 0.62399 0.62399 0.74164 0.74164 0.93956 0.93956 1 1 0.86045 0.86045 0.74596 0.74596
0.79149 0.79149 0.66169 0.66169 0.70206 0.70206 0.68201 0.68201 0.73112 0.73112 0.68797 0.68797 0.73185 0.73185 0.8975 0.8975 0.86045 0.86045 1 1 0.8964 0.8964
0.79149 0.79149 0.66169 0.66169 0.70206 0.70206 0.68201 0.68201 0.73112 0.73112 0.68797 0.68797 0.73185 0.73185 0.8975 0.8975 0.86045 0.86045 1 1 0.8964 0.8964
0.84865 0.84865 0.6271 0.6271 0.66591 0.66591 0.64701 0.64701 0.79204 0.79204 0.65189 0.65189 0.86556 0.86556 0.83322 0.83322 0.74596 0.74596 0.8964 0.8964 1 1
0.84865 0.84865 0.6271 0.6271 0.66591 0.66591 0.64701 0.64701 0.79204 0.79204 0.65189 0.65189 0.86556 0.86556 0.83322 0.83322 0.74596 0.74596 0.8964 0.8964 1 1
